Conv1 weight shape: [10, 1, 5, 5]

Filter 0:
[[ 0.177133  0.271673  0.075405  0.308913 -0.041896]
 [-0.008046  0.084207  0.425984  0.356205 -0.16758 ]
 [ 0.183049  0.265093  0.451995  0.144851  0.126343]
 [-0.024122  0.267478  0.181043  0.016582  0.132342]
 [-0.131064  0.002143  0.02938   0.267475 -0.064923]]

Filter 1:
[[-0.164161 -0.134812 -0.156001  0.031964 -0.175288]
 [ 0.134282 -0.209772  0.161318  0.052632 -0.09901 ]
 [ 0.171962  0.131094  0.352745  0.175277 -0.035711]
 [ 0.125421  0.123987  0.355903  0.38964   0.198247]
 [-0.104874  0.197508  0.146797  0.198109 -0.038143]]

Filter 2:
[[-0.167454  0.084618  0.047131  0.224451  0.022764]
 [ 0.115911  0.25938   0.190139  0.163145 -0.265069]
 [ 0.147497  0.182419  0.261546 -0.147777 -0.141876]
 [ 0.131928  0.423452 -0.042355 -0.254148 -0.291039]
 [ 0.334643  0.241302  0.153177 -0.340615 -0.385564]]

Filter 3:
[[-0.215812 -0.17008   0.091809  0.162865  0.263598]
 [-0.184566 -0.153425  0.184882  0.073213  0.223142]
 [-0.136887  0.132277  0.004299  0.086281  0.113509]
 [-0.011088 -0.013335  0.234604  0.220261 -0.159184]
 [-0.057004  0.25601   0.023345 -0.035852 -0.206048]]

Filter 4:
[[-0.169168  0.005856 -0.058603 -0.173828 -0.035353]
 [-0.192415 -0.22635  -0.153195 -0.215521 -0.168343]
 [ 0.121106 -0.032888  0.007909 -0.233099 -0.17516 ]
 [-0.103506 -0.005636 -0.217038 -0.129687 -0.16676 ]
 [ 0.010336 -0.074857 -0.029519 -0.173346 -0.187329]]

Filter 5:
[[-0.13516  -0.099673 -0.202932  0.119325 -0.031448]
 [ 0.139816  0.002531 -0.241392  0.074508 -0.064585]
 [-0.072561 -0.186248 -0.252011 -0.001801 -0.05002 ]
 [ 0.175382 -0.080701  0.182073 -0.137669 -0.012029]
 [ 0.178483  0.273582  0.303501  0.269168 -0.119382]]

Filter 6:
[[ 0.032054 -0.121007 -0.080843 -0.160789  0.225146]
 [-0.164689  0.155295  0.131941  0.158573 -0.044836]
 [ 0.25867   0.191224  0.145505 -0.135984  0.108913]
 [-0.003191 -0.028322  0.231396  0.04146  -0.121917]
 [-0.15431  -0.016967  0.139778 -0.048861 -0.1126  ]]

Filter 7:
[[-0.123467 -0.125959  0.154641  0.224329 -0.210559]
 [ 0.074195  0.230396  0.159791 -0.079394 -0.020144]
 [ 0.170996  0.186927  0.084147 -0.035943 -0.037633]
 [-0.040624 -0.029165  0.27488   0.356408  0.098049]
 [-0.124121 -0.058755  0.032584  0.200832  0.25369 ]]

Filter 8:
[[-0.230769 -0.151629  0.087772  0.025496 -0.047689]
 [-0.151986 -0.25444  -0.289918 -0.140358 -0.008132]
 [ 0.192602  0.048193 -0.239729 -0.204648 -0.130789]
 [ 0.330221  0.164396 -0.014696  0.042707 -0.137994]
 [-0.014068  0.303544  0.024161  0.025405 -0.200902]]

Filter 9:
[[ 0.241965  0.360754  0.339781  0.151702  0.082527]
 [ 0.015925  0.404715  0.361725  0.433294  0.334589]
 [ 0.080284 -0.047896 -0.214413 -0.193439 -0.172432]
 [-0.103922 -0.344994 -0.284626 -0.261374 -0.145986]
 [-0.36885  -0.359813 -0.135708 -0.139928 -0.008589]]
